[{"frame": "00001", "forces": [1.2113543719823063, 0.41613382365914386, -0.7244197453606134, -0.0541200403302165, 0.5256582591234044, -0.04183402518317836], "T_WT": [[-0.8782267320116456, 0.47824443633981034, -0.0002574687611631295, 0.47846523538979435], [-0.005054496686690892, -0.009820181495935814, -0.9999390061891935, 0.4884648606883425], [-0.47821779477910475, -0.8781718642415076, 0.011041630821844842, 0.10731550225646308], [0.0, 0.0, 0.0, 1.0]], "jointPos": [-1.4381149450885218, -2.9177547893919886, -0.862154483795166, -0.7829502385905762, 2.374454975128174, -1.3266852537738245], "T_WE": [[-0.8744319111801144, 0.48510406055250105, 0.006567865561521286, 0.4771378610584516], [-0.012859724924863505, -0.009642038026193723, -0.9998711487522255, 0.6953267710889085], [-0.4849781624120925, -0.8744032715381655, 0.014670111726289693, 0.10427166089976392], [0.0, 0.0, 0.0, 1.0]], "T_WB": [[-0.2963253250569535, 0.8951472567164618, -0.3330209366324438, 1.2328613996890685], [-0.7200872737896616, 0.019667709467886683, 0.6936051865867183, 0.7687732582505353], [0.6274286072316709, 0.4453368720649347, 0.6387554498225939, 0.4660480912782277], [0.0, 0.0, 0.0, 1.0]]}, {"frame": "00002", "forces": [0.8046665140913118, 0.4284859864204682, -0.8716207745129054, -0.06620274656736685, 0.5355837777009345, -0.0352663637734173], "T_WT": [[-0.8784168276314979, 0.4778952182082737, 0.0001932549667798528, 0.47867537097282553], [-0.005314108868275967, -0.009363472822756964, -0.999942041132202, 0.48202930374916125], [-0.47786571040487064, -0.8783669425646462, 0.010764619309767154, 0.10731207669163717], [0.0, 0.0, 0.0, 1.0]], "jointPos": [-1.4317649046527308, -2.9283696613707484, -0.8556886315345764, -0.7732484501651307, 2.37304425239563, -1.3185556570636194], "T_WE": [[-0.8745372224668325, 0.48490342923878565, 0.007318780303476318, 0.47731329703265346], [-0.013386055703178211, -0.009049707046198136, -0.999869777443356, 0.6879200469354934], [-0.4847739866208172, -0.874520878935104, 0.01440575140878746, 0.10425993769596797], [0.0, 0.0, 0.0, 1.0]], "T_WB": [[-0.2963253250569535, 0.8951472567164618, -0.3330209366324438, 1.2328613996890685], [-0.7200872737896616, 0.019667709467886683, 0.6936051865867183, 0.7687732582505353], [0.6274286072316709, 0.4453368720649347, 0.6387554498225939, 0.4660480912782277], [0.0, 0.0, 0.0, 1.0]]}, {"frame": "00003", "forces": [0.8992271063748483, 0.3482852572030275, -0.9832956926782757, -0.07244121367944939, 0.5494246837361285, -0.04045491579167526], "T_WT": [[-0.878811501206917, 0.4771681717422227, 0.0009387345898702347, 0.4791797329834525], [-0.005834046816105505, -0.008777502854992828, -0.9999444581282396, 0.4716667033641495], [-0.47713342918327656, -0.8787681669927604, 0.010497591913943786, 0.10739270180181759], [0.0, 0.0, 0.0, 1.0]], "jointPos": [-1.4245503584491175, -2.9401704273619593, -0.8483441472053528, -0.7624339026263733, 2.371638536453247, -1.309540096913473], "T_WE": [[-0.8747788455711134, 0.4844556481765815, 0.008059156515726196, 0.47750318861908203], [-0.01398607295428742, -0.008620204099066463, -0.9998653596230567, 0.6796385451891651], [-0.48432088479001867, -0.874773352495174, 0.014316905806990058, 0.1044142498656046], [0.0, 0.0, 0.0, 1.0]], "T_WB": [[-0.2963253250569535, 0.8951472567164618, -0.3330209366324438, 1.2328613996890685], [-0.7200872737896616, 0.019667709467886683, 0.6936051865867183, 0.7687732582505353], [0.6274286072316709, 0.4453368720649347, 0.6387554498225939, 0.4660480912782277], [0.0, 0.0, 0.0, 1.0]]}, {"frame": "00004", "forces": [1.0335733635292454, 0.23555424491170296, -0.9113539936868413, -0.07508843811724647, 0.5573340778904203, -0.04728862029563641], "T_WT": [[-0.8789893869110484, 0.4768398459027614, 0.0011912418604418747, 0.4794966322570806], [-0.005989768757384702, -0.008543258677211577, -0.9999455662191856, 0.4666954017542906], [-0.4768037126197449, -0.8789486754587013, 0.010365594118169138, 0.10743823736120883], [0.0, 0.0, 0.0, 1.0]], "jointPos": [-1.419077221547262, -2.9493519268431605, -0.8427952527999878, -0.7540785235217591, 2.3705978393554688, -1.3025549093829554], "T_WE": [[-0.8748542027723774, 0.4843091240622113, 0.008663137668760734, 0.47781969599739504], [-0.014510985985248595, -0.008326347951505999, -0.9998603696242105, 0.6732368011250516], [-0.484169302783686, -0.8748573288851372, 0.014312645081920088, 0.10445845049959868], [0.0, 0.0, 0.0, 1.0]], "T_WB": [[-0.2963253250569535, 0.8951472567164618, -0.3330209366324438, 1.2328613996890685], [-0.7200872737896616, 0.019667709467886683, 0.6936051865867183, 0.7687732582505353], [0.6274286072316709, 0.4453368720649347, 0.6387554498225939, 0.4660480912782277], [0.0, 0.0, 0.0, 1.0]]}, {"frame": "00005", "forces": [1.0509859090663882, -0.06559778153740847, -0.849804740779156, -0.08708774622299104, 0.5571916437504516, -0.0468204545776475], "T_WT": [[-0.8792631976665681, 0.47633380745352755, 0.0015274508134940832, 0.48013547391260203], [-0.00612040041447523, -0.008091112943073034, -0.9999485359707815, 0.45866414983336995], [-0.4762969346194957, -0.8792272958502646, 0.010029571471574907, 0.10743604422795666], [0.0, 0.0, 0.0, 1.0]], "jointPos": [-1.4114421049701136, -2.962430616418356, -0.8348646759986877, -0.7421500843814393, 2.3689844608306885, -1.2925947348224085], "T_WE": [[-0.8749206701514648, 0.48417559192773785, 0.009384606321142241, 0.4783955148615907], [-0.015061899741893646, -0.00783634711146876, -0.9998561828431379, 0.664231007239559], [-0.4840323532092159, -0.8749357634497112, 0.014149288135395502, 0.10446490916182127], [0.0, 0.0, 0.0, 1.0]], "T_WB": [[-0.2963253250569535, 0.8951472567164618, -0.3330209366324438, 1.2328613996890685], [-0.7200872737896616, 0.019667709467886683, 0.6936051865867183, 0.7687732582505353], [0.6274286072316709, 0.4453368720649347, 0.6387554498225939, 0.4660480912782277], [0.0, 0.0, 0.0, 1.0]]}, {"frame": "00006", "forces": [0.8259410608857563, 0.5615822884149821, -1.1163559142353918, -0.08461695851502243, 0.5595018855883928, -0.040484774935594936], "T_WT": [[-0.8794386420824569, 0.47600852898031776, 0.001885510582947543, 0.48084833573784047], [-0.006366956835517888, -0.0078022402430205995, -0.9999492921682805, 0.44997119116587064], [-0.475969680413384, -0.879406052620281, 0.00989231732187928, 0.10745133243169303], [0.0, 0.0, 0.0, 1.0]], "jointPos": [-1.4052851835833948, -2.9730335674681605, -0.8283866047859192, -0.7322563689998169, 2.3677494525909424, -1.2845256964312952], "T_WE": [[-0.8750603078789243, 0.48391653538448876, 0.009721011726226112, 0.4789173479230485], [-0.0153124860802376, -0.0076029884536138, -0.9998541783010927, 0.6569856217246288], [-0.48377199618312355, -0.8750811299572273, 0.014063540560484504, 0.10451263517410736], [0.0, 0.0, 0.0, 1.0]], "T_WB": [[-0.2963253250569535, 0.8951472567164618, -0.3330209366324438, 1.2328613996890685], [-0.7200872737896616, 0.019667709467886683, 0.6936051865867183, 0.7687732582505353], [0.6274286072316709, 0.4453368720649347, 0.6387554498225939, 0.4660480912782277], [0.0, 0.0, 0.0, 1.0]]}, {"frame": "00007", "forces": [0.6821371434565169, 3.102575701958033, -1.6147411604363207, -0.03818977857240585, 0.5690631017860106, -0.0608645504411236], "T_WT": [[-0.8795656759454217, 0.475772855196529, 0.002100465857060884, 0.48126989251928187], [-0.006540880314208255, -0.0076775603289469556, -0.9999491346824154, 0.44457736004694964], [-0.47573252840581437, -0.8795346754537533, 0.009864891842931616, 0.10760958401911475], [0.0, 0.0, 0.0, 1.0]], "jointPos": [-1.3991578261004847, -2.9831024609007777, -0.8221153616905212, -0.7229598325541993, 2.3665690422058105, -1.2766626516925257], "T_WE": [[-0.8751926446261652, 0.48366752568332605, 0.01018887159083044, 0.47939728422645667], [-0.015732222915060386, -0.007403532671433218, -0.9998491588213047, 0.6499669597055062], [-0.483519070038806, -0.8752204952214806, 0.014089184660338816, 0.1047575891764827], [0.0, 0.0, 0.0, 1.0]], "T_WB": [[-0.2963253250569535, 0.8951472567164618, -0.3330209366324438, 1.2328613996890685], [-0.7200872737896616, 0.019667709467886683, 0.6936051865867183, 0.7687732582505353], [0.6274286072316709, 0.4453368720649347, 0.6387554498225939, 0.4660480912782277], [0.0, 0.0, 0.0, 1.0]]}, {"frame": "00008", "forces": [0.02071360957332491, 9.850909729085423, -2.675858972778286, 0.07142424227238137, 0.5764690724422196, -0.11292513896400963], "T_WT": [[-0.8798076497982922, 0.4753219672625692, 0.0027435003275449927, 0.48243079389968335], [-0.007054372188419918, -0.0072858643450992916, -0.9999485746846049, 0.43254795091409587], [-0.4752775349092709, -0.8797817590848237, 0.009763257252613068, 0.10788399283021233], [0.0, 0.0, 0.0, 1.0]], "jointPos": [-1.3910277525531214, -2.9969407520689906, -0.8134499192237854, -0.7102585595897217, 2.3648712635040283, -1.2659929434405726], "T_WE": [[-0.8753328510301098, 0.4834039091022903, 0.010644918261363033, 0.48021639169341823], [-0.01608696477613635, -0.007111301448317004, -0.9998456353285439, 0.6405156711861826], [-0.48325352432103225, -0.8753685472033088, 0.014001759524747411, 0.10497111268788006], [0.0, 0.0, 0.0, 1.0]], "T_WB": [[-0.2963253250569535, 0.8951472567164618, -0.3330209366324438, 1.2328613996890685], [-0.7200872737896616, 0.019667709467886683, 0.6936051865867183, 0.7687732582505353], [0.6274286072316709, 0.4453368720649347, 0.6387554498225939, 0.4660480912782277], [0.0, 0.0, 0.0, 1.0]]}, {"frame": "00009", "forces": [-0.9743316223562184, 17.550822313943186, -3.184051214674426, 0.1467142533873162, 0.5732175876567576, -0.16086005082121835], "T_WT": [[-0.879852126838716, 0.4752367882180505, 0.003198440491932498, 0.4832361376919556], [-0.007474466728274141, -0.007108361969398266, -0.9999468003535192, 0.42423388116710925], [-0.475188770116168, -0.879829225653652, 0.009806448958702188, 0.10816709662525165], [0.0, 0.0, 0.0, 1.0]], "jointPos": [-1.3829863707171839, -3.010592599908346, -0.8048574328422546, -0.6973902744105835, 2.3631906509399414, -1.2553113142596644], "T_WE": [[-0.8755332577878536, 0.48303722415466227, 0.010807788904883856, 0.4811096041412226], [-0.016184296292133346, -0.006962676653983664, -0.9998451106130772, 0.6312310416575967], [-0.4828870907306669, -0.8755721357031845, 0.013914174684661357, 0.1052676726366435], [0.0, 0.0, 0.0, 1.0]], "T_WB": [[-0.2963253250569535, 0.8951472567164618, -0.3330209366324438, 1.2328613996890685], [-0.7200872737896616, 0.019667709467886683, 0.6936051865867183, 0.7687732582505353], [0.6274286072316709, 0.4453368720649347, 0.6387554498225939, 0.4660480912782277], [0.0, 0.0, 0.0, 1.0]]}, {"frame": "00010", "forces": [-1.253051545464099, 23.207302652635207, -3.3534897130878782, 0.17474845636802783, 0.5777786569476941, -0.19693552635784162], "T_WT": [[-0.8798783114198646, 0.4751869777760665, 0.0033901688713693216, 0.48389478491054305], [-0.00766003491694957, -0.007049674299960532, -0.9999458115104719, 0.41839088387549805], [-0.47513732852513213, -0.879856600955129, 0.009842804360953701, 0.10831932176442277], [0.0, 0.0, 0.0, 1.0]], "jointPos": [-1.3771393934832972, -3.020693918267721, -0.7984691262245178, -0.6880955261043091, 2.361975908279419, -1.2474482695208948], "T_WE": [[-0.8755960834040567, 0.48291974758634637, 0.010966760291081753, 0.48187871598993604], [-0.016317389450676147, -0.006878689972431154, -0.9998435287360293, 0.6244271632677035], [-0.4827686826236257, -0.8756375989784243, 0.013903445776774586, 0.10545452122120669], [0.0, 0.0, 0.0, 1.0]], "T_WB": [[-0.2963253250569535, 0.8951472567164618, -0.3330209366324438, 1.2328613996890685], [-0.7200872737896616, 0.019667709467886683, 0.6936051865867183, 0.7687732582505353], [0.6274286072316709, 0.4453368720649347, 0.6387554498225939, 0.4660480912782277], [0.0, 0.0, 0.0, 1.0]]}, {"frame": "00011", "forces": [-1.620490396956022, 30.26767109656558, -3.8156498572944955, 0.2417540172300094, 0.5812383317924465, -0.23711116842995483], "T_WT": [[-0.8801569975749965, 0.4746691597881565, 0.0035844617132395683, 0.48553499666436317], [-0.0077899792073818875, -0.006893510694547135, -0.9999458964035273, 0.4069970774290154], [-0.4746187689543225, -0.8801373007981828, 0.009765034560798915, 0.10868831547405983], [0.0, 0.0, 0.0, 1.0]], "jointPos": [-1.368985954915182, -3.0345641575255335, -0.7899283170700073, -0.6754857462695618, 2.360299825668335, -1.2368348280536097], "T_WE": [[-0.875673342894207, 0.4827671961230907, 0.011501504449418182, 0.48314241216795606], [-0.016836932970833607, -0.006718543426226773, -0.9998360037485657, 0.6149627820331589], [-0.48261068561219295, -0.875722958180229, 0.014012070522083012, 0.10577330507250166], [0.0, 0.0, 0.0, 1.0]], "T_WB": [[-0.2963253250569535, 0.8951472567164618, -0.3330209366324438, 1.2328613996890685], [-0.7200872737896616, 0.019667709467886683, 0.6936051865867183, 0.7687732582505353], [0.6274286072316709, 0.4453368720649347, 0.6387554498225939, 0.4660480912782277], [0.0, 0.0, 0.0, 1.0]]}, {"frame": "00012", "forces": [-2.0031050480998527, 37.14402390803029, -4.870137428157101, 0.3854521307078157, 0.5740507491843483, -0.2533341014641115], "T_WT": [[-0.8803136900902528, 0.47437416886089034, 0.004117639763509518, 0.48666289368429905], [-0.008403393832106565, -0.006914851025221667, -0.9999407821503241, 0.398817485045333], [-0.4743176045771282, -0.8802961619550769, 0.01007359098715355, 0.10922374162490783], [0.0, 0.0, 0.0, 1.0]], "jointPos": [-1.3609188238727015, -3.0478912792601527, -0.7815480828285217, -0.663140670662262, 2.358734369277954, -1.2265904585467737], "T_WE": [[-0.8759375048646073, 0.48227940011519843, 0.011845737999659321, 0.48436143137187493], [-0.017242628065780568, -0.0067579323267902836, -0.9998288241782132, 0.6058117566372401], [-0.4821167277361819, -0.8759913895178164, 0.014235792879907842, 0.10630462601184781], [0.0, 0.0, 0.0, 1.0]], "T_WB": [[-0.2963253250569535, 0.8951472567164618, -0.3330209366324438, 1.2328613996890685], [-0.7200872737896616, 0.019667709467886683, 0.6936051865867183, 0.7687732582505353], [0.6274286072316709, 0.4453368720649347, 0.6387554498225939, 0.4660480912782277], [0.0, 0.0, 0.0, 1.0]]}, {"frame": "00013", "forces": [-1.869209591253231, 41.99227172787901, -6.220966388986362, 0.5461359874767694, 0.5757873885758161, -0.2549319284946525], "T_WT": [[-0.8805525099993747, 0.4739312915839942, 0.004050677885059624, 0.4877172939741464], [-0.008270051157053888, -0.006819066774644876, -0.9999425516409347, 0.3930803875556431], [-0.47387644316600197, -0.8805354230159345, 0.009923982390595144, 0.10947197241017892], [0.0, 0.0, 0.0, 1.0]], "jointPos": [-1.3551848570453089, -3.0575901470580042, -0.7756661176681519, -0.6545379918864747, 2.3575451374053955, -1.2192938963519495], "T_WE": [[-0.8759503984200685, 0.4822417344699008, 0.01241220189372971, 0.48547190424599407], [-0.01781765154183531, -0.006629192777928165, -0.9998196040417406, 0.5991720081152234], [-0.48207239174900074, -0.8760131091800499, 0.014399761436136868, 0.10657443784341036], [0.0, 0.0, 0.0, 1.0]], "T_WB": [[-0.2963253250569535, 0.8951472567164618, -0.3330209366324438, 1.2328613996890685], [-0.7200872737896616, 0.019667709467886683, 0.6936051865867183, 0.7687732582505353], [0.6274286072316709, 0.4453368720649347, 0.6387554498225939, 0.4660480912782277], [0.0, 0.0, 0.0, 1.0]]}, {"frame": "00014", "forces": [-1.6902530620697513, 46.28671290593856, -7.664599327807586, 0.7524179028953054, 0.5806761201405557, -0.24342838224464325], "T_WT": [[-0.8808400858724191, 0.47339625894746673, 0.004089637491641038, 0.4892303448649058], [-0.00826522693811648, -0.006740522883122858, -0.9999431240700265, 0.3853117606955476], [-0.4733417677998966, -0.8808237890553399, 0.009850050267051063, 0.10980276172642661], [0.0, 0.0, 0.0, 1.0]], "jointPos": [-1.3493989149676722, -3.06752409557485, -0.7696654796600342, -0.6456298393062134, 2.356368064880371, -1.211667839680807], "T_WE": [[-0.8758851792986059, 0.48234837759101434, 0.012862699290259532, 0.4866930291900192], [-0.018306659134359856, -0.006579723953532141, -0.9998110966545484, 0.5924403353602472], [-0.4821725616786745, -0.8759547671245017, 0.014593772212950452, 0.10682823421279242], [0.0, 0.0, 0.0, 1.0]], "T_WB": [[-0.2963253250569535, 0.8951472567164618, -0.3330209366324438, 1.2328613996890685], [-0.7200872737896616, 0.019667709467886683, 0.6936051865867183, 0.7687732582505353], [0.6274286072316709, 0.4453368720649347, 0.6387554498225939, 0.4660480912782277], [0.0, 0.0, 0.0, 1.0]]}, {"frame": "00015", "forces": [-1.0955912225602038, 51.522135277477375, -9.748161155852301, 1.0394027320799977, 0.5827373728059173, -0.20935913231537884], "T_WT": [[-0.8810537336788418, 0.4729980194235315, 0.004146322706922498, 0.49067398613675406], [-0.008336746568633539, -0.006763321998730655, -0.9999423764058571, 0.37785954213788797], [-0.47294272066205195, -0.8810375310376733, 0.009902114714453418, 0.11021486415484077], [0.0, 0.0, 0.0, 1.0]], "jointPos": [-1.3426502386676233, -3.0790726147093714, -0.7625514268875122, -0.6352901619723816, 2.355038642883301, -1.2028945128070276], "T_WE": [[-0.8759007067746405, 0.4823085857192582, 0.013290362141064584, 0.4881413991440795], [-0.01881989182416019, -0.006626655841781128, -0.9998012575675318, 0.5846537051754475], [-0.482124593964091, -0.8759763237042402, 0.014881790076571604, 0.10719081391922786], [0.0, 0.0, 0.0, 1.0]], "T_WB": [[-0.2963253250569535, 0.8951472567164618, -0.3330209366324438, 1.2328613996890685], [-0.7200872737896616, 0.019667709467886683, 0.6936051865867183, 0.7687732582505353], [0.6274286072316709, 0.4453368720649347, 0.6387554498225939, 0.4660480912782277], [0.0, 0.0, 0.0, 1.0]]}, {"frame": "00016", "forces": [-0.15296075065548287, 55.0423068823136, -11.28549725260514, 1.2453267673617145, 0.5833964481938942, -0.18023461287671622], "T_WT": [[-0.8813115866084594, 0.4725173962264005, 0.004146995672037711, 0.4916453829376658], [-0.008335600129671987, -0.006771188690769032, -0.9999423327243394, 0.3735747879525552], [-0.47246206734526236, -0.8812953314679128, 0.009906243117544003, 0.11046600740689339], [0.0, 0.0, 0.0, 1.0]], "jointPos": [-1.3381860891925257, -3.0867282352843226, -0.7578516006469727, -0.6287196439555665, 2.354207754135132, -1.1971924940692347], "T_WE": [[-0.8758561286425026, 0.4823763551372619, 0.013760364694477025, 0.4891840859800858], [-0.019368598972578057, -0.006646427414788375, -0.999790647038667, 0.5794870542457307], [-0.48218384472771836, -0.8759388569370413, 0.015164770448117289, 0.10742679911031044], [0.0, 0.0, 0.0, 1.0]], "T_WB": [[-0.2963253250569535, 0.8951472567164618, -0.3330209366324438, 1.2328613996890685], [-0.7200872737896616, 0.019667709467886683, 0.6936051865867183, 0.7687732582505353], [0.6274286072316709, 0.4453368720649347, 0.6387554498225939, 0.4660480912782277], [0.0, 0.0, 0.0, 1.0]]}, {"frame": "00017", "forces": [0.7989268930542055, 58.416215500267896, -13.034762268774045, 1.490970357831683, 0.5845791922384177, -0.11934249894206933], "T_WT": [[-0.8814870042952871, 0.47219177342989205, 0.0039484634548933055, 0.49303707611432634], [-0.008193577136048194, -0.006934249955411011, -0.999942389076127, 0.3665908321761168], [-0.47213719039304314, -0.8814685730544738, 0.00998139093883522, 0.11088340686245829], [0.0, 0.0, 0.0, 1.0]], "jointPos": [-1.333449665700094, -3.09491028408193, -0.7524954080581665, -0.6216049951365967, 2.353325843811035, -1.1909006277667444], "T_WE": [[-0.8758490709888305, 0.48238425838840265, 0.013931468685675977, 0.49020205921012727], [-0.019650387605340224, -0.0068032281688347645, -0.9997840936337102, 0.5740809002162497], [-0.4821852632255713, -0.8759333006630002, 0.015438140724426947, 0.10773790199934685], [0.0, 0.0, 0.0, 1.0]], "T_WB": [[-0.2963253250569535, 0.8951472567164618, -0.3330209366324438, 1.2328613996890685], [-0.7200872737896616, 0.019667709467886683, 0.6936051865867183, 0.7687732582505353], [0.6274286072316709, 0.4453368720649347, 0.6387554498225939, 0.4660480912782277], [0.0, 0.0, 0.0, 1.0]]}, {"frame": "00018", "forces": [1.1381969300190562, 58.917262878072506, -13.730455142162, 1.6391242239264892, 0.5948989759710955, -0.04331151476496731], "T_WT": [[-0.8813596611945, 0.4724293529911024, 0.003956520128221162, 0.49334457138625043], [-0.008400157484339569, -0.007296931776265826, -0.9999380941542788, 0.363462113170573], [-0.4723712363950146, -0.881338335271456, 0.010399702283438835, 0.11121980998646169], [0.0, 0.0, 0.0, 1.0]], "jointPos": [-1.33079702058901, -3.099666734735006, -0.7486797571182251, -0.6174669426730652, 2.3529484272003174, -1.186962906514303], "T_WE": [[-0.8759216820750662, 0.4822660919635348, 0.013449056683364028, 0.4905324023292288], [-0.019327668166503068, -0.007221703601369654, -0.9997874492960371, 0.5711644843031465], [-0.4820663947168666, -0.8759950152965, 0.015647227603805235, 0.10800553641467664], [0.0, 0.0, 0.0, 1.0]], "T_WB": [[-0.2963253250569535, 0.8951472567164618, -0.3330209366324438, 1.2328613996890685], [-0.7200872737896616, 0.019667709467886683, 0.6936051865867183, 0.7687732582505353], [0.6274286072316709, 0.4453368720649347, 0.6387554498225939, 0.4660480912782277], [0.0, 0.0, 0.0, 1.0]]}, {"frame": "00019", "forces": [1.6633765284243953, 57.024100932834884, -13.372995229438004, 1.6252773847868272, 0.46283055960487124, 0.024535041558273185], "T_WT": [[-0.8811672494906747, 0.47279073972182034, 0.0036324727574390623, 0.4932792337317623], [-0.00815901415302071, -0.007523850893099372, -0.9999384091811805, 0.3629705037744225], [-0.4727342899696301, -0.8811426150748998, 0.010487277333857827, 0.111119619221412], [0.0, 0.0, 0.0, 1.0]], "jointPos": [-1.3310568968402308, -3.1002656422057093, -0.7475419044494629, -0.6173375409892579, 2.352949857711792, -1.1861947218524378], "T_WE": [[-0.8757003137565997, 0.48268533580436696, 0.01280940274505964, 0.49040327602070566], [-0.0187037900599263, -0.007399347656523101, -0.9997980163118896, 0.5712729421344137], [-0.4824929939788556, -0.8757625929818769, 0.01550815805628109, 0.10779338966475321], [0.0, 0.0, 0.0, 1.0]], "T_WB": [[-0.2963253250569535, 0.8951472567164618, -0.3330209366324438, 1.2328613996890685], [-0.7200872737896616, 0.019667709467886683, 0.6936051865867183, 0.7687732582505353], [0.6274286072316709, 0.4453368720649347, 0.6387554498225939, 0.4660480912782277], [0.0, 0.0, 0.0, 1.0]]}, {"frame": "00020", "forces": [2.228244418609262, 52.522247941935994, -11.913871535708143, 1.5115778782884417, 0.23604621723818986, 0.1041258565329577], "T_WT": [[-0.8805193320311038, 0.4739998765181667, 0.003134163407067551, 0.4921135214353204], [-0.007854368475722547, -0.007978812881431548, -0.9999373217561446, 0.3653132987931731], [-0.47394516013495375, -0.8804887594999532, 0.010748468676379989, 0.11090086386725628], [0.0, 0.0, 0.0, 1.0]], "jointPos": [-1.3331249395953577, -3.0973063908019007, -0.7482203245162964, -0.6197706025889893, 2.353370428085327, -1.187629524861471], "T_WE": [[-0.87566971942124, 0.48277324440928593, 0.011523484018532915, 0.48952542561662993], [-0.01746218494271693, -0.007807359647083197, -0.9998173697040396, 0.573735326572379], [-0.48259504195058334, -0.8757105926355304, 0.015267445823098734, 0.10771323253934245], [0.0, 0.0, 0.0, 1.0]], "T_WB": [[-0.2963253250569535, 0.8951472567164618, -0.3330209366324438, 1.2328613996890685], [-0.7200872737896616, 0.019667709467886683, 0.6936051865867183, 0.7687732582505353], [0.6274286072316709, 0.4453368720649347, 0.6387554498225939, 0.4660480912782277], [0.0, 0.0, 0.0, 1.0]]}, {"frame": "00021", "forces": [2.221009150894046, 43.76643972899601, -8.723580698416285, 1.2101980703404043, 0.009001973292972587, 0.1730636933837193], "T_WT": [[-0.8800579952384223, 0.4748595593923093, 0.0025147307353375115, 0.4904799027820904], [-0.007244659915412968, -0.008131118343980368, -0.9999406981502386, 0.37062730863500126], [-0.47481095176884797, -0.8800240245403634, 0.010596051724229802, 0.11046500144115712], [0.0, 0.0, 0.0, 1.0]], "jointPos": [-1.338898007069723, -3.0886265240111292, -0.7519274353981018, -0.6287676852992554, 2.3545520305633545, -1.1938450972186487], "T_WE": [[-0.8753955330401051, 0.48329443194775873, 0.010459755943141255, 0.48782232549690197], [-0.01636484410567055, -0.008001633449631538, -0.9998343969223461, 0.5802736216459079], [-0.48313063661449435, -0.8754213088824496, 0.01491413391152427, 0.10723521120494994], [0.0, 0.0, 0.0, 1.0]], "T_WB": [[-0.2963253250569535, 0.8951472567164618, -0.3330209366324438, 1.2328613996890685], [-0.7200872737896616, 0.019667709467886683, 0.6936051865867183, 0.7687732582505353], [0.6274286072316709, 0.4453368720649347, 0.6387554498225939, 0.4660480912782277], [0.0, 0.0, 0.0, 1.0]]}, {"frame": "00022", "forces": [1.8817116843622852, 36.321416818589185, -6.2574318301156495, 0.9102693239070885, -0.0025473696740802576, 0.17004818234264907], "T_WT": [[-0.8796743267403162, 0.475572231909632, 0.0020325133364689717, 0.4883475437081243], [-0.0068299643697939064, -0.008359927557120554, -0.9999417299012715, 0.37884370382147564], [-0.4755275286044741, -0.8796369500241172, 0.010602155044614004, 0.10994395348619213], [0.0, 0.0, 0.0, 1.0]], "jointPos": [-1.3451789061175745, -3.078740259210104, -0.7567983269691467, -0.638883189564087, 2.3559741973876953, -1.2013023535357874], "T_WE": [[-0.875178464939121, 0.48370170761395576, 0.0097758002645787, 0.48617717117499015], [-0.01569017101676657, -0.008180421978512225, -0.9998437651749668, 0.5874287200404504], [-0.48354610137811505, -0.8751946872608534, 0.014749193324401956, 0.10678209071005534], [0.0, 0.0, 0.0, 1.0]], "T_WB": [[-0.2963253250569535, 0.8951472567164618, -0.3330209366324438, 1.2328613996890685], [-0.7200872737896616, 0.019667709467886683, 0.6936051865867183, 0.7687732582505353], [0.6274286072316709, 0.4453368720649347, 0.6387554498225939, 0.4660480912782277], [0.0, 0.0, 0.0, 1.0]]}, {"frame": "00023", "forces": [1.1428478944329408, 26.793409566574972, -3.530603300931638, 0.5046712728604985, -0.007747969690599432, 0.16041183227415062], "T_WT": [[-0.8793472819023923, 0.4761800563424315, 0.000954857368376591, 0.48586096249795796], [-0.005742081838621821, -0.008598591386400492, -0.9999465449324424, 0.3902286528932285], [-0.47614639167700695, -0.8793057592031848, 0.010295412817258336, 0.10916791064200693], [0.0, 0.0, 0.0, 1.0]], "jointPos": [-1.3558171431170862, -3.061794420281881, -0.7654953002929688, -0.656497136955597, 2.3584628105163574, -1.2141583601581019], "T_WE": [[-0.8746598026163297, 0.48465271527925263, 0.00906801920363931, 0.4836831938284897], [-0.015045164368250284, -0.008443541283236931, -0.999851491557255, 0.5995684235282446], [-0.48450410891571205, -0.8746659097188031, 0.014677407498915636, 0.1060593511856977], [0.0, 0.0, 0.0, 1.0]], "T_WB": [[-0.2963253250569535, 0.8951472567164618, -0.3330209366324438, 1.2328613996890685], [-0.7200872737896616, 0.019667709467886683, 0.6936051865867183, 0.7687732582505353], [0.6274286072316709, 0.4453368720649347, 0.6387554498225939, 0.4660480912782277], [0.0, 0.0, 0.0, 1.0]]}, {"frame": "00024", "forces": [1.7978554655680572, 17.72064318936014, -1.9874122933206664, 0.24586538811408468, -0.013646769277536386, 0.2385798685284022], "T_WT": [[-0.8787618569390506, 0.47726050375446766, 0.00010171068628787538, 0.4829188266149069], [-0.005018329580404741, -0.009026959753624698, -0.9999466637605374, 0.40311638092620605], [-0.47723413033568163, -0.8787154975039637, 0.010327598419159255, 0.10874844200135109], [0.0, 0.0, 0.0, 1.0]], "jointPos": [-1.3682692686664026, -3.0410458050169886, -0.7758472561836243, -0.676876501446106, 2.36118745803833, -1.2289350668536585], "T_WE": [[-0.8742540511116221, 0.4854108724116462, 0.007509512111182909, 0.48063239620375087], [-0.013552096967475233, -0.008938629623897404, -0.9998685399080058, 0.6143248201853877], [-0.48527987074051443, -0.8742404626597132, 0.014393469835952234, 0.1056873096325398], [0.0, 0.0, 0.0, 1.0]], "T_WB": [[-0.2963253250569535, 0.8951472567164618, -0.3330209366324438, 1.2328613996890685], [-0.7200872737896616, 0.019667709467886683, 0.6936051865867183, 0.7687732582505353], [0.6274286072316709, 0.4453368720649347, 0.6387554498225939, 0.4660480912782277], [0.0, 0.0, 0.0, 1.0]]}, {"frame": "00025", "forces": [3.03122549132471, 11.514504059868429, -1.9651066434530478, 0.20914003059002811, -0.005479788880928371, 0.32888859745012833], "T_WT": [[-0.8780669508637177, 0.4785367071392407, -0.0010245590401007653, 0.4798570506665606], [-0.003931270823906627, -0.009354403148507188, -0.9999485188005656, 0.4170546406261343], [-0.4785216556338939, -0.8780177191048416, 0.010095049644704469, 0.10855850372891102], [0.0, 0.0, 0.0, 1.0]], "jointPos": [-1.377737824116842, -3.0246650181212367, -0.7839803099632263, -0.6927200716784974, 2.3631234169006348, -1.2401087919818323], "T_WE": [[-0.8739070104363935, 0.486052565939529, 0.006300314785120007, 0.47836229945804565], [-0.012359851492672262, -0.009260835185729314, -0.9998810561923246, 0.6258410222533057], [-0.4859363423416846, -0.873880506874821, 0.01410114772313211, 0.10567291307553561], [0.0, 0.0, 0.0, 1.0]], "T_WB": [[-0.2963253250569535, 0.8951472567164618, -0.3330209366324438, 1.2328613996890685], [-0.7200872737896616, 0.019667709467886683, 0.6936051865867183, 0.7687732582505353], [0.6274286072316709, 0.4453368720649347, 0.6387554498225939, 0.4660480912782277], [0.0, 0.0, 0.0, 1.0]]}, {"frame": "00026", "forces": [2.298466841252754, 4.586497079603693, -1.7033466730868767, 0.17003131893247364, -0.002640214984645173, 0.2562437937967359], "T_WT": [[-0.8775392627253306, 0.4795015815296965, -0.0017537633830732734, 0.47653376573866557], [-0.003415167655590712, -0.009907393366379828, -0.9999450885856528, 0.43154449939608586], [-0.47949262664338027, -0.8774850864072873, 0.010331704962307528, 0.10947224850030979], [0.0, 0.0, 0.0, 1.0]], "jointPos": [-1.3893044630633753, -3.0020300350584925, -0.7950146198272705, -0.7140043538859864, 2.3655970096588135, -1.2542794386493128], "T_WE": [[-0.8735867092839623, 0.4866428711769954, 0.005023047650037474, 0.4751646083352107], [-0.011186752443010735, -0.009759846580425358, -0.9998901227105114, 0.6410046069417947], [-0.48654031182794816, -0.8735464846345673, 0.013970526842994345, 0.10667083213869777], [0.0, 0.0, 0.0, 1.0]], "T_WB": [[-0.2963253250569535, 0.8951472567164618, -0.3330209366324438, 1.2328613996890685], [-0.7200872737896616, 0.019667709467886683, 0.6936051865867183, 0.7687732582505353], [0.6274286072316709, 0.4453368720649347, 0.6387554498225939, 0.4660480912782277], [0.0, 0.0, 0.0, 1.0]]}, {"frame": "00027", "forces": [0.7020631490204412, 2.1410961307860914, -0.8125804382778519, 0.0815461901775974, -0.002619132235630539, 0.10302433249686627], "T_WT": [[-0.8772633585754201, 0.48000413530914754, -0.00224271868318693, 0.47465196040718005], [-0.003039823942489822, -0.010227656009606992, -0.9999430756412829, 0.4394536725096999], [-0.47999974913678123, -0.8772066034513578, 0.010431475924348768, 0.11030511839866275], [0.0, 0.0, 0.0, 1.0]], "jointPos": [-1.3966572920428675, -2.9859630070128382, -0.8023313283920288, -0.7285659474185486, 2.3673877716064453, -1.2633350531207483], "T_WE": [[-0.873522644472213, 0.48676819551322753, 0.0038945017312253575, 0.47270091349985577], [-0.010262494262351568, -0.010415412815818708, -0.9998934222790588, 0.6514621017745039], [-0.48667569025392865, -0.8734690845006698, 0.014094055794636393, 0.1080597802189402], [0.0, 0.0, 0.0, 1.0]], "T_WB": [[-0.2963253250569535, 0.8951472567164618, -0.3330209366324438, 1.2328613996890685], [-0.7200872737896616, 0.019667709467886683, 0.6936051865867183, 0.7687732582505353], [0.6274286072316709, 0.4453368720649347, 0.6387554498225939, 0.4660480912782277], [0.0, 0.0, 0.0, 1.0]]}, {"frame": "00028", "forces": [-0.4084022586986702, 1.7019832578164849, -0.20823757350265737, -0.0022109925524457785, -0.003672336042945923, 0.012818795956901746], "T_WT": [[-0.8767049625033061, 0.48102227184205326, -0.002445958705011919, 0.4703060929423528], [-0.003241193444659559, -0.010991941070208698, -0.9999343337922565, 0.4538421291704471], [-0.48101757076756657, -0.876639464787788, 0.01119577551802563, 0.11359235802356682], [0.0, 0.0, 0.0, 1.0]], "jointPos": [-1.4028061071978968, -2.968836923638815, -0.8094942569732666, -0.7435782712749024, 2.368795156478882, -1.2712729612933558], "T_WE": [[-0.8735782418086486, 0.48667428115856176, 0.003074607287645695, 0.46966632368878813], [-0.009575601179666422, -0.0108701211751435, -0.9998953964576603, 0.6618202101268426], [-0.48658988857034613, -0.8735158741884181, 0.014156601048969129, 0.1106472546690695], [0.0, 0.0, 0.0, 1.0]], "T_WB": [[-0.2963253250569535, 0.8951472567164618, -0.3330209366324438, 1.2328613996890685], [-0.7200872737896616, 0.019667709467886683, 0.6936051865867183, 0.7687732582505353], [0.6274286072316709, 0.4453368720649347, 0.6387554498225939, 0.4660480912782277], [0.0, 0.0, 0.0, 1.0]]}, {"frame": "00029", "forces": [-0.1838791773706241, 2.1712124152403076, -0.3590868159109917, 0.008816753169571534, 0.0007539899136228545, 0.027240222300290023], "T_WT": [[-0.8766063577303703, 0.48120211144429187, -0.0024127843355038476, 0.4685589584818831], [-0.003384468607593229, -0.011179224515435125, -0.9999317828289479, 0.458785692498885], [-0.4811962582553385, -0.8765383921316793, 0.011428392724816432, 0.1153989011099868], [0.0, 0.0, 0.0, 1.0]], "jointPos": [-1.4058564344989222, -2.9571076832213343, -0.8142388463020325, -0.7531928581050416, 2.3695766925811768, -1.27556020418276], "T_WE": [[-0.8737311465855597, 0.4864017863672938, 0.002727529588350843, 0.46736148645146247], [-0.009336294377110225, -0.011162842997252625, -0.9998944344644887, 0.6683180446132011], [-0.48631992898954374, -0.8736639460886121, 0.01429501464842998, 0.11315555655911241], [0.0, 0.0, 0.0, 1.0]], "T_WB": [[-0.2963253250569535, 0.8951472567164618, -0.3330209366324438, 1.2328613996890685], [-0.7200872737896616, 0.019667709467886683, 0.6936051865867183, 0.7687732582505353], [0.6274286072316709, 0.4453368720649347, 0.6387554498225939, 0.4660480912782277], [0.0, 0.0, 0.0, 1.0]]}, {"frame": "00030", "forces": [-0.2187874382489241, 2.3822977633204117, -0.16337898461353362, -0.00013406130420107187, 0.020537286317166614, 0.02719835250540148], "T_WT": [[-0.876585335948781, 0.4812421456762126, -0.002036178901375715, 0.4661001489031371], [-0.003948519254583421, -0.011423031635353104, -0.9999269591044911, 0.4643022078301233], [-0.4812302546549411, -0.8765132694792551, 0.011913455901949036, 0.1184341055275453], [0.0, 0.0, 0.0, 1.0]], "jointPos": [-1.4069722334491175, -2.946336885491842, -0.8182921409606934, -0.7613988679698487, 2.370011329650879, -1.2779868284808558], "T_WE": [[-0.874019663408765, 0.4858820019016032, 0.0029260751163069855, 0.46483642021698923], [-0.009636980902744358, -0.01131265425156582, -0.9998898979299679, 0.6733963096032216], [-0.4857953405850067, -0.8739512008351226, 0.014570418527393748, 0.11649319473657643], [0.0, 0.0, 0.0, 1.0]], "T_WB": [[-0.2963253250569535, 0.8951472567164618, -0.3330209366324438, 1.2328613996890685], [-0.7200872737896616, 0.019667709467886683, 0.6936051865867183, 0.7687732582505353], [0.6274286072316709, 0.4453368720649347, 0.6387554498225939, 0.4660480912782277], [0.0, 0.0, 0.0, 1.0]]}, {"frame": "00031", "forces": [0.17283478028505073, 1.9226583965763968, -0.15128687030372134, -0.012211217716391165, 0.16419090210164142, 0.019676942636351585], "T_WT": [[-0.8771422480672978, 0.48022827648084065, -0.0015096766835080218, 0.46434453959750677], [-0.004500606032483108, -0.011363836476474053, -0.9999253010929753, 0.4665948230209507], [-0.48020955967242857, -0.8770699320400729, 0.012129019351742244, 0.12164543655887022], [0.0, 0.0, 0.0, 1.0]], "jointPos": [-1.4058201948748987, -2.941798349420065, -0.8197294473648071, -0.7647364896586915, 2.370011329650879, -1.2777922789203089], "T_WE": [[-0.8742229069243653, 0.48550989440970727, 0.003834729671502425, 0.4633811903190571], [-0.010628419794242786, -0.011239303763873422, -0.999880678017691, 0.6746328986437509], [-0.4854087993727051, -0.8741589203134187, 0.01498636044359451, 0.11885984665208366], [0.0, 0.0, 0.0, 1.0]], "T_WB": [[-0.2963253250569535, 0.8951472567164618, -0.3330209366324438, 1.2328613996890685], [-0.7200872737896616, 0.019667709467886683, 0.6936051865867183, 0.7687732582505353], [0.6274286072316709, 0.4453368720649347, 0.6387554498225939, 0.4660480912782277], [0.0, 0.0, 0.0, 1.0]]}, {"frame": "00032", "forces": [0.578513625896159, 1.2133388315582536, -0.15853569525241795, -0.031889878627299695, 0.4455144644942641, -0.001104684056952271], "T_WT": [[-0.8776485776479359, 0.479303798312845, -0.0009181913933942579, 0.4632143467679203], [-0.0050642609661943495, -0.011188652367962836, -0.9999245808155013, 0.46653915091276577], [-0.4792779229355567, -0.8775777361471, 0.01224702435328412, 0.12408881432582258], [0.0, 0.0, 0.0, 1.0]], "jointPos": [-1.4032138029681605, -2.93932642559194, -0.8198754787445068, -0.7658820909312745, 2.369617223739624, -1.2758644262896937], "T_WE": [[-0.8745602690909877, 0.4848932857013126, 0.004805301442224813, 0.4619349536205525], [-0.011615337511748768, -0.011039715539383729, -0.9998719238706697, 0.6743175989742803], [-0.4847780697472526, -0.8745036443366859, 0.015287596452724596, 0.1213847001452178], [0.0, 0.0, 0.0, 1.0]], "T_WB": [[-0.2963253250569535, 0.8951472567164618, -0.3330209366324438, 1.2328613996890685], [-0.7200872737896616, 0.019667709467886683, 0.6936051865867183, 0.7687732582505353], [0.6274286072316709, 0.4453368720649347, 0.6387554498225939, 0.4660480912782277], [0.0, 0.0, 0.0, 1.0]]}, {"frame": "00033", "forces": [0.9386827153455304, 1.1030922477755318, -0.39405211590595, -0.04241936473516833, 0.5709224173473184, -0.01764977535609069], "T_WT": [[-0.8779876259110474, 0.4786831830331425, -0.00037286504540798217, 0.46233051344365894], [-0.005633640539761477, -0.011111948317287814, -0.9999223903378017, 0.4647791251800937], [-0.478650175850121, -0.8779173850003503, 0.012452882107979372, 0.1261076816244684], [0.0, 0.0, 0.0, 1.0]], "jointPos": [-1.4003484884845179, -2.939904352227682, -0.8188209533691406, -0.7645297807506104, 2.3692455291748047, -1.2728732267962855], "T_WE": [[-0.8746934769262277, 0.48464561963260727, 0.005495316760569497, 0.46116408725886393], [-0.012368329675523466, -0.01098408327727511, -0.9998635056172076, 0.672621941028237], [-0.48451904341596197, -0.8746416244226105, 0.015602463458591231, 0.12296283297164412], [0.0, 0.0, 0.0, 1.0]], "T_WB": [[-0.2963253250569535, 0.8951472567164618, -0.3330209366324438, 1.2328613996890685], [-0.7200872737896616, 0.019667709467886683, 0.6936051865867183, 0.7687732582505353], [0.6274286072316709, 0.4453368720649347, 0.6387554498225939, 0.4660480912782277], [0.0, 0.0, 0.0, 1.0]]}, {"frame": "00034", "forces": [0.8824770441651895, 1.2498337273089213, -0.5938238316544293, -0.0585911429848705, 0.5675127448818669, -0.02528340941005286], "T_WT": [[-0.8783446414822351, 0.47802791836669234, -6.438282538141278e-06, 0.4617923242588068], [-0.005875030052288768, -0.010808446037980831, -0.999924327894931, 0.4613378466036297], [-0.47799181457565687, -0.8782781374691345, 0.01230196904644775, 0.12782775269553487], [0.0, 0.0, 0.0, 1.0]], "jointPos": [-1.395531956349508, -2.9431992969908656, -0.81620854139328, -0.7601719063571473, 2.36826229095459, -1.2672084013568323], "T_WE": [[-0.8748188735675213, 0.48440928304475317, 0.006311787606340492, 0.4604520782468082], [-0.01312769979830068, -0.010678843544219555, -0.999857130458197, 0.6688326267344094], [-0.4842726090585551, -0.8747763183394933, 0.015701734278082566, 0.12474744900355822], [0.0, 0.0, 0.0, 1.0]], "T_WB": [[-0.2963253250569535, 0.8951472567164618, -0.3330209366324438, 1.2328613996890685], [-0.7200872737896616, 0.019667709467886683, 0.6936051865867183, 0.7687732582505353], [0.6274286072316709, 0.4453368720649347, 0.6387554498225939, 0.4660480912782277], [0.0, 0.0, 0.0, 1.0]]}, {"frame": "00035", "forces": [0.8820991206506719, 1.1002996892413996, -0.7778113186687357, -0.0680877058545189, 0.5663775176076096, -0.02775797434721372], "T_WT": [[-0.8785019969822497, 0.4777385418692686, 0.00035624545583854236, 0.4615740201380115], [-0.006212270645876358, -0.010677961792561372, -0.9999236915011963, 0.4585640362765022], [-0.4776982823829514, -0.8784371729068519, 0.012348451878523618, 0.1287698823951